0.63096,
0.63096,
0.63096,
0.63096,
0.63096,
0.93722,
0.93722,
0.93722,
0.93722,
0.93722,
0.96208,
0.96208,
0.96208,
0.96208,
0.96208,
0.97567,
0.97567,
0.97567,
0.97567,
0.97567,
0.98439,
0.98439,
0.98439,
0.98439,
0.98439,
1.000,
1.000,
1.000,
1.000,
1.000,
1.000,
1.000,
1.000,
1.000,
1.000,
1.000,
1.000,
1.000,
1.000,
1.000,
1.000,
1.000,
1.000,
1.000,
1.000,
1.000,
1.000,
1.000,
1.000,
1.000,
1.000,
1.000,
1.000,
1.000,
1.000,
1.000,
1.000,
1.000,
1.000,
1.000,
1.000,
1.000,
1.000,
1.000,
1.000],
